function hankel=constant_hankel140
hankel=[-6.76671159511E-14  3.39808396836E-13 -7.43411889153E-13  8.93613024469E-13 ...
        -5.47341591896E-13  -5.84920181906E-14 5.20780672883E-13  -6.92656254606E-13 ...
        6.88908045074E-13  -6.39910528298E-13 5.82098912530E-13 -4.84912700478E-13 ...
        3.54684337858E-13  -2.10855291368E-13 1.00452749275E-13  5.58449957721E-15 ...
        -5.67206735175E-14  1.09107856853E-13 -6.04067500756E-14  8.84512134731E-14  ...
        2.22321981827E-14  8.38072239207E-14  1.23647835900E-13 1.44351787234E-13 ...
        2.94276480713E-13 3.39965995918E-13  6.17024672340E-13  8.25310217692E-13 ...
        1.32560792613E-12 1.90949961267E-12  2.93458179767E-12 4.33454210095E-12 ...
        6.55863288798E-12  9.78324910827E-12 1.47126365223E-11 2.20240108708E-11 ...
        3.30577485691E-11 4.95377381480E-11 7.43047574433E-11 1.11400535181E-10 ...
        1.67052734516E-10 2.50470107577E-10 3.75597211630E-10 5.63165204681E-10 ...
        8.44458166896E-10 1.26621795331E-09 1.89866561359E-09 2.84693620927E-09 ...
        4.26886170263E-09 6.40104325574E-09 9.59798498616E-09 1.43918931885E-08 ...
        2.15798696769E-08 3.23584600810E-08 4.85195105813E-08 7.27538583183E-08 ...
        1.09090191748E-07 1.63577866557E-07 2.45275193920E-07 3.67784458730E-07 ...
        5.51470341585E-07 8.26916206192E-07 1.23991037294E-06 1.85921554669E-06 ...
        2.78777669034E-06 4.18019870272E-06 6.26794044911E-06 9.39858833064E-06 ...
        1.40925408889E-05 2.11312291505E-05 3.16846342900E-05 4.75093313246E-05 ...
        7.12354794719E-05 1.06810848460E-04  1.60146590551E-04 2.40110903628E-04 ...
        3.59981158972E-04 5.39658308918E-04 8.08925141201E-04 1.21234066243E-03 ...
        1.81650387595E-03 2.72068483151E-03 4.07274689463E-03 6.09135552241E-03 ...
        9.09940027636E-03 1.35660714813E-02 2.01692550906E-02 2.98534800308E-02 ...
        4.39060697220E-02 6.39211368217E-02 9.16763946228E-02 1.28368795114E-01 ...
        1.73241920046E-01 2.19830379079E-01 2.51193131178E-01 2.32380049895E-01 ...
        1.17121080205E-01 -1.17252913088E-01 -3.52148528535E-01 -2.71162871370E-01 ...
        2.91134747110E-01 3.17192840623E-01 -4.93075681595E-01 3.11223091821E-01 ...
        -1.36044122543E-01 5.12141261934E-02 -1.90806300761E-02 7.57044398633E-03 ...
        -3.25432753751E-03 1.49774676371E-03 -7.24569558272E-04 3.62792644965E-04 ...
        -1.85907973641E-04 9.67201396593E-05 -5.07744171678E-05 2.67510121456E-05 ...
        -1.40667136728E-05 7.33363699547E-06 -3.75638767050E-06 1.86344211280E-06 ...
        -8.71623576811E-07 3.61028200288E-07 -1.05847108097E-07 -1.51569361490E-08 ...
        6.67633241420E-08 -8.33741579804E-08 8.31065906136E-08 -7.53457009758E-08 ...
        6.48057680299E-08 -5.37558016587E-08 4.32436265303E-08 -3.37262648712E-08 ...
        2.53558687098E-08 -1.81287021528E-09 1.20228328586E-08 -7.10898040664E-09 ...
        3.53667004588E-09 -1.36030600198E-09 3.52544249042E-10 -4.53719284366E-11 ...
    ];
end