% 该子程序事关于王华军的正余弦滤波的250位滤波系数，n=-149~100；
% 参考文献：《正余弦的数值滤波算法》；
function sc_sin=constant_sin
sc_sin=[1.15644705E-16  1.45588058E-16  1.83284506E-16  2.30741523E-16  2.90486367E-16 ...
        3.65700669E-16  4.60389865E-16  5.79596500E-16  7.29668763E-16  9.18598547E-16 ...
        1.15644705E-15  1.45588058E-15  1.83284506E-15  2.30741523E-15  2.90486367E-15 ...
        3.65700669E-15  4.60389865E-15  5.79596500E-15  7.29668763E-15  9.18598547E-15 ...
        1.15644705E-14  1.45588058E-14  1.83284506E-14  2.30741523E-14  2.90486367E-14 ...
        3.65700669E-14  4.60389865E-14  5.79596500E-14  7.29668763E-14  9.18598547E-14 ...
        1.15644705E-13  1.45588058E-13  1.83284506E-13  2.30741523E-13  2.90486367E-13 ...
        3.65700669E-13  4.60389865E-13  5.79596500E-13  7.29668763E-13  9.18598547E-13 ...
        1.15644705E-12  1.45588058E-12  1.83284506E-12  2.30741523E-12  2.90486367E-12 ...
        3.65700669E-12  4.60389865E-12  5.79596500E-12  7.29668763E-12  9.18598547E-12 ...
        1.15644705E-11  1.45588058E-11  1.83284506E-11  2.30741523E-11  2.90486367E-11 ...
        3.65700669E-11  4.60389865E-11  5.79596500E-11  7.29668763E-11  9.18598547E-11 ...
        1.15644705E-10  1.45588058E-10  1.83284506E-10  2.30741523E-10  2.90486366E-10 ...
        3.65700668E-10  4.60389864E-10  5.79596500E-10  7.29668762E-10  9.18598546E-10 ...
        1.15644705E-09  1.45588058E-09  1.83284506E-09  2.30741522E-09  2.90486365E-09 ...
        3.65700666E-09  4.60389861E-09  5.79596494E-09  7.29668753E-09  9.18598532E-09 ...
        1.15644703E-08  1.45588055E-08  1.83284500E-08  2.30741513E-08  2.90486351E-08 ...
        3.65700644E-08  4.60389826E-08  5.79596439E-08  7.29668666E-08  9.18598394E-08 ...
        1.15644681E-07  1.45588020E-07  1.83284445E-07  2.30741426E-07  2.90486213E-07 ...
        3.65700426E-07  4.60389480E-07  5.79595891E-07  7.29667797E-07  9.18597016E-07 ...
        1.15644463E-06  1.45587674E-06  1.83283897E-06  2.30740557E-06  2.90484836E-06 ...
        3.65698242E-06  4.60386019E-06  5.79590405E-06  7.29659103E-06  9.18583238E-06 ...
        1.15642279E-05  1.45584213E-05  1.83278411E-05  2.30731863E-05  2.90471057E-05 ...
        3.65676404E-05  4.60351409E-05  5.79535552E-05  7.29572167E-05  9.18445456E-05 ...
        1.15620442E-04  1.45549605E-04  1.83223562E-04  2.30644936E-04  2.90333290E-04 ...
        3.65458071E-04  4.60005390E-04  5.78987195E-04  7.28703147E-04  9.17068325E-04 ...
        1.15402210E-03  1.45203797E-03  1.82675609E-03  2.29776748E-03  2.88957775E-03 ...
        3.63279047E-03  4.56553763E-03  5.73520747E-03  7.20047016E-03  9.03365105E-03 ...
        1.13233438E-02  1.41772773E-02  1.77249935E-02  2.21202313E-02  2.75416427E-02 ...
        3.41914807E-02  4.22884608E-02  5.20541644E-02  6.36832410E-02  7.72976967E-02 ...
        9.28619153E-02  1.10066969E-01  1.28132572E-01  1.45575930E-01  1.59845060E-01 ...
        1.67599500E-01  1.61968375E-01  1.35161344E-01  8.22071009E-02 -5.37851226E-03 ...
       -1.29305104E-01 -2.72311299E-01 -3.97846846E-01 -4.39499367E-01 -3.17642558E-01 ...
        1.66575636E-02  4.63004448E-01  7.29821386E-01  3.95755949E-01 -4.90240448E-01 ...
       -1.02051235E+00  5.25140798E-02  1.25386445E+00 -1.31757722E-01 -1.54952715E+00 ...
        1.82234419E+00 -1.05820421E+00  2.62972510E-01  1.62557837E-01 -2.87126963E-01 ...
        2.68899317E-01 -2.08571854E-01  1.48933304E-01 -1.02351067E-01  6.92061648E-02 ...
       -4.65012654E-02  3.11448190E-02 -2.08137927E-02  1.39032748E-02 -9.29888652E-03 ...
        6.22458881E-03 -4.16092723E-03  2.77538686E-03 -1.85189692E-03  1.23979099E-03 ...
       -8.31544578E-04  5.55858778E-04 -3.69653333E-04  2.46060246E-04 -1.65161829E-04 ...
        1.11402492E-04 -7.38980584E-05  4.93893179E-05 -3.30090502E-05  2.20613979E-05 ...
       -1.47446011E-05  9.85446447E-06 -6.58617139E-06  4.40182759E-06 -2.94193470E-06 ...
        1.96622416E-06 -1.31411396E-06  8.78280071E-07 -5.86993143E-07  3.92313297E-07 ...
       -2.62200206E-07  1.75239913E-07 -1.17120530E-07  7.82767937E-08 -5.23158190E-08 ...
        3.49649594E-08 -2.33686179E-08  1.56182737E-08 -1.04383782E-08  6.97642658E-09 ...
       -4.66265227E-09  3.11625529E-09 -2.08273027E-09  1.39198011E-09 -9.30321437E-10 ...
        6.21774674E-10 -4.15559321E-10  2.77736545E-10 -1.85623530E-10  1.24060357E-10 ...
       -8.29149853E-11  5.54157261E-11 -3.70367635E-11  2.47532956E-11 -1.65437146E-11 ...
        1.10568910E-11 -7.38980585E-12  4.93893179E-12 -3.30090502E-12  2.20613979E-12 ...
       -1.47446011E-12  9.85446447E-13 -6.58617139E-13  4.40182759E-13 -2.94193470E-13 ...
    ];
end