% 该子程序事关于王华军的正余弦滤波的250位滤波系数，n=-149~100；
% 参考文献：《正余弦的数值滤波算法》；
function sc_cos=constant_cos
sc_cos=[3.259310637995381e-09  3.657006684133522e-09  4.103228987103440e-09  4.603898645756809e-09 ...
        5.165659242274955e-09  5.795964998467991e-09  6.503179688769331e-09  7.296687622440906e-09 ...
        8.187018167655402e-09  9.185985469814794e-09  1.030684521808187e-08  1.156447054032178e-08 ...
        1.297554936047243e-08  1.455880583715606e-08  1.633524882188818e-08  1.832845063377286e-08 ...
        2.056485984985559e-08  2.307415226167132e-08  2.588962465496837e-08  2.904863663782531e-08 ...
        3.259310637995177e-08  3.657006684133233e-08  4.103228987103032e-08  4.603898645756242e-08 ...
        5.165659242274149e-08  5.795964998466852e-08  6.503179688767723e-08  7.296687622438620e-08 ...
        8.187018167652177e-08  9.185985469810240e-08  1.030684521807544e-07  1.156447054031272e-07 ...
        1.297554936045960e-07  1.455880583713794e-07  1.633524882186263e-07  1.832845063373676e-07 ...
        2.056485984980455e-07  2.307415226159923e-07  2.588962465486661e-07  2.904863663768155e-07 ...
        3.259310637974862e-07  3.657006684104541e-07  4.103228987062510e-07  4.603898645698995e-07 ...
        5.165659242193288e-07  5.795964998352645e-07  6.503179688606394e-07  7.296687622210721e-07 ...
        8.187018167330265e-07  9.185985469355545e-07  1.030684521743316e-06  1.156447053940545e-06 ...
        1.297554935917806e-06  1.455880583532774e-06  1.633524881930562e-06  1.832845063012489e-06 ...
        2.056485984470269e-06  2.307415225439265e-06  2.588962464468699e-06  2.904863662330246e-06 ...
        3.259310635943768e-06  3.657006681235541e-06  4.103228983009933e-06  4.603898639974579e-06 ...
        5.165659234107345e-06  5.795964986930934e-06  6.503179672472802e-06  7.296687599421431e-06 ...
        8.187018135139533e-06  9.185985423884906e-06  1.030684515320419e-05  1.156447044867963e-05 ...
        1.297554923102443e-05  1.455880565430590e-05  1.633524856360547e-05  1.832845026893888e-05 ...
        2.056485933451384e-05  2.307415153373175e-05  2.588962362672646e-05  2.904863518539498e-05 ...
        3.259310432833932e-05  3.657006394335278e-05  4.103228577752543e-05  4.603898067533305e-05 ...
        5.165658425512547e-05  5.795963844760435e-05  6.503178059114110e-05  7.296685320491716e-05 ...
        8.187014916065800e-05  9.185980876822480e-05  1.030683873030794e-04  1.156446137609776e-04 ...
        1.297553641566237e-04  1.455878755212661e-04  1.633522299359903e-04  1.832841415034715e-04 ...
        2.056480831565152e-04  2.307407946768097e-04  2.588952183073825e-04  2.904849139476423e-04 ...
        3.259290121871983e-04  3.656977704346702e-04  4.103188052080732e-04  4.603840823524888e-04 ...
        5.165577566246311e-04  5.795849628088763e-04  6.503016723918794e-04  7.296457428717168e-04 ...
        8.186693010825495e-04  9.185526174363936e-04  1.030619644742664e-03  1.156355412988042e-03 ...
        1.297425490078195e-03  1.455697737205225e-03  1.633266606038421e-03  1.832480241089536e-03 ...
        2.055970664263441e-03  2.306687324121386e-03  2.587934290610456e-03  2.903411352904328e-03 ...
        3.257259238854462e-03  3.654109084144006e-03  4.099136158966621e-03  4.598117620129730e-03 ...
        5.157493771005402e-03  5.784431747594796e-03  6.486889943651929e-03  7.273680225406205e-03 ...
        8.154523795159791e-03  9.140093790978490e-03  1.024203552902840e-02  1.147294922073348e-02 ...
        1.284631639413740e-02  1.437633782365761e-02  1.607764595927791e-02  1.796482470228150e-02 ...
        2.005166686532272e-02  2.235003056310450e-02  2.486817146060578e-02  2.760826570878996e-02 ...
        3.056292940840660e-02  3.371015082153947e-02  3.700640469889609e-02  4.037675904343854e-02 ...
        4.370198006397531e-02  4.680022581821748e-02  4.940470036173892e-02  5.113241873732236e-02 ...
        5.145070958588125e-02  4.963166081932442e-02  4.471849062227152e-02  3.548318927994959e-02 ...
        2.045137100594241e-02 -2.055686590846752e-03 -3.364448397733817e-02 -7.631137344836628e-02 ...
       -1.266434319474240e-01 -1.862749375868183e-01 -2.461353142118834e-01 -2.902983669488231e-01 ...
       -2.988075876343791e-01 -2.448506144120794e-01 -9.950017920516750e-02  1.356039300084103e-01 ...
        4.090540929938739e-01  5.774395803978510e-01  4.579255676063582e-01 -6.983450338615369e-02 ...
       -7.057283079838744e-01 -7.843150276726182e-01  2.525618358670842e-01  1.117654833553716e+00 ...
        7.963371572134337e-02 -1.549296620952233e+00  9.697650959898280e-01  5.225940449677521e-01 ...
       -1.381774620164276e+00  1.423198437144261e+00 -1.105404188998837e+00  7.665035503534489e-01 ...
       -5.127755029438128e-01  3.416091625526592e-01 -2.281756143521592e-01  1.525595524200158e-01 ...
       -1.019718288329912e-01  6.816636028940040e-02 -4.558829983347753e-02  3.048106828891331e-02 ...
       -2.036157949348773e-02  1.359772703637349e-02 -9.089876615562834e-03  6.082728532868435e-03 ...
       -4.067612709179460e-03  2.714872446310047e-03 -1.811284178407374e-03  1.211376498467895e-03 ...
       -8.120640689866258e-04  5.434263037148710e-04 -3.619464423013651e-04  2.408209249456654e-04 ...
       -1.612207404156712e-04  1.080929991731413e-04 -7.224329853265559e-05  4.828336916033548e-05 ...
       -3.226989609827981e-05  2.156738877792332e-05 -1.441443310758029e-05  9.633798692655735e-06 ...
       -6.438690759318149e-06  4.303259806095841e-06 -2.876057517121798e-06  1.922195548145859e-06 ...
       -1.284687702980753e-06  8.586132122623766e-07 -5.738489179596249e-07  3.835284339216292e-07 ...
       -2.563288960261459e-07  1.713158585561515e-07 -1.144979120490475e-07  7.652398309228667e-08 ...
       -5.114433864785301e-08  3.418200765336290e-08 -2.284533690540880e-08  1.526854196553568e-08 ...
       -1.020463715280719e-08  6.820207172073348e-09 -4.558243980013040e-09  3.046474638835332e-09 ...
       -2.036092794892691e-09  1.360810235071803e-09 -9.094892435753511e-10  6.078516040376627e-10 ...
       -4.062539223429088e-10  2.715173379862738e-10 -1.814669613575468e-10  1.212823398629785e-10 ...
       -8.105831415591075e-11  5.417483123446647e-11 -3.620741894086165e-11  2.419900821998419e-11 ...
       -1.617325995501925e-11  1.080929991819310e-11 -7.224329853499239e-12  4.828336916095709e-12 ...
       -3.226989609844425e-12  2.156738877796710e-12 -1.441443310759173e-12  9.633798692658917e-13 ...
       -6.438690759318773e-13  4.303259806096089e-13
        ];
end
